=========================================
|| 3 |   | 8 || 9 |   | 4 ||   | 2 | 6 ||
-----------------------------------------
||   | 6 |   || 3 |   | 2 ||   | 1 | 7 ||
-----------------------------------------
|| 2 |   |   || 1 | 5 |   ||   | 3 |   ||
=========================================
||   | 5 | 1 || 2 | 9 | 8 ||   | 7 | 3 ||
-----------------------------------------
||   | 3 |   ||   |   | 1 ||   |   |   ||
-----------------------------------------
|| 6 | 2 | 9 || 5 | 3 | 7 ||   | 4 |   ||
=========================================
||   | 9 | 2 || 8 | 1 |   || 3 | 6 |   ||
-----------------------------------------
|| 5 | 8 | 6 || 4 | 2 |   || 7 |   | 1 ||
-----------------------------------------
||   | 4 | 3 ||   | 6 | 9 || 2 | 8 | 5 ||
=========================================


