			 Level 5 Puzzle

=========================================
||   | 7 |   ||   | 2 | 4 || 6 |   | 3 ||
-----------------------------------------
||   | 1 |   || 3 |   | 7 || 9 |   | 4 ||
-----------------------------------------
||   |   | 3 ||   | 9 | 1 || 5 | 8 |   ||
=========================================
|| 8 |   |   ||   |   |   || 3 |   | 5 ||
-----------------------------------------
|| 1 | 3 | 4 || 5 | 7 |   || 8 |   | 9 ||
-----------------------------------------
||   | 5 | 6 || 9 | 8 | 3 ||   |   | 1 ||
=========================================
|| 4 | 6 | 2 ||   | 3 | 5 || 1 |   | 8 ||
-----------------------------------------
||   |   |   || 2 | 1 | 9 ||   |   | 6 ||
-----------------------------------------
|| 3 | 9 | 1 || 4 | 6 | 8 || 7 | 5 | 2 ||
=========================================


